121.608906,31.179681
121.585074,31.254135
121.510573,30.929097
121.160641,31.159575
121.534678,31.270653
121.424998,31.224015
121.520097,31.198388
121.420637,31.148056
121.281578,31.38502
121.750177,31.050411
121.451941,31.230874
121.390411,31.166728
121.602813,31.295456
121.444656,31.268194
121.46224,31.260544
121.435364,31.11941
121.448934,31.253562
121.240406,31.01182
121.507088,31.350843
121.453152,31.210197
121.251297,31.098149
121.56075,31.236069
121.387726,31.102933
121.568813,31.17843
121.39759,31.215968
121.6592,31.05227
121.524833,31.200281
121.503127,31.290171
121.429472,31.334995
121.411547,31.252929
121.411329,31.233563
121.499448,31.171872
121.241549,31.24636
121.775261,31.115783
121.214581,31.044167
121.517841,31.274344
121.369004,31.128963
121.235107,31.382532
121.209192,31.132683
121.383443,31.25703
121.449178,31.245892
121.397383,31.211532
121.417287,31.192637
121.354317,31.176207
121.56056,31.234013
121.493871,31.399431
121.429488,31.280186
121.408435,31.072842
121.422744,31.10305
121.434279,31.193467
121.521439,31.336437
121.536508,31.232922
121.243822,31.059345
121.541909,31.231619
121.56929,31.196046
121.64736,31.158127
121.497777,31.222115
121.262494,31.105731
121.319694,31.066072
121.498816,31.260227
121.218319,31.392209
121.286362,31.098946
121.26268,31.046542
121.530299,31.270424
121.329948,31.254451
121.61306,31.289712
121.518108,31.265425
121.246601,31.37932
121.473216,31.204124
121.435647,31.204451
121.245532,31.185194
121.594243,31.201775
121.463104,31.205981
121.430922,31.243
121.523908,31.276304
121.65898,31.205784
121.348748,31.402246
121.171521,31.316817
121.709037,31.204429
121.542832,31.276719
121.211025,31.140413
121.411329,31.233563
121.454096,31.205232
121.458799,31.322125
121.463124,31.230335
121.428389,31.309169
121.458779,31.157353
121.355273,31.137903
121.52433,31.228851
121.249903,31.019395
121.502607,31.317154
121.572111,30.866219
121.407107,31.290869
121.448332,31.198484
121.440466,31.174838
121.584301,31.264633
121.723278,31.147557
121.352616,30.75508
121.327933,31.310124
121.442537,31.227233
121.418406,31.430302
121.326304,31.239227
121.520321,31.210233
121.509799,31.346997
121.25099,31.407989
121.260873,31.125632
121.389662,31.149372
121.52696731.283276
