121.422805,31.224675
121.415566,31.45791
121.406665,31.454285
121.414743,31.450657
121.405436,31.456561
121.29857,30.815828
121.28499,30.818989
121.294142,30.81288
121.293128,30.806962
121.296068,30.809758
121.295783,30.809345
121.658956,31.031374
121.304059,30.805529
121.41242,31.456803
121.652744,30.954049
121.650047,31.026737
121.247491,30.835781
121.295253,30.810785
121.655255,31.078935
121.593362,31.039436
121.647716,31.025204
121.65242,31.031051
121.430172,31.22175
121.733438,31.044515
121.457567,31.050412
121.433196,31.219495
121.65605,31.027885
121.65242,31.031051
121.460664,31.124889
121.464111,31.045615
121.474221,31.048925
121.471318,31.046994
121.218319,31.392209
121.653678,31.026952
121.473817,31.051596
121.455626,31.046916
121.473817,31.051596
121.416024,31.203212
121.478357,31.04911
121.460385,31.203963
118.770829,32.065018
121.457858,31.228962
121.517792,30.909949
121.482733,30.920278
121.418795,31.206688
121.493735,30.926222
121.456091,31.230261
121.48401,31.295257
121.475806,30.91554
121.482862,31.306565
121.482896,31.305748
121.472097,30.914051
121.463266,30.90675
121.469164,30.939621
121.515437,30.921339
121.482896,31.305748
121.457649,31.257533
121.482862,31.306565
121.48401,31.295257
121.47765,31.306313
121.444021,31.223764
121.487453,31.305484
121.479277,31.310436
121.376337,31.2166
121.368732,30.813761
121.256655,30.827142
121.3611,30.818789
121.422655,30.788475
121.420018,30.801423
121.359705,30.812453
121.413446,30.801778
121.431048,31.160509
121.42531,31.167918
121.32823,30.804105
121.417679,31.155246
121.464944,31.294596
121.560234,31.183508
121.523034,31.294042
121.479277,31.310436
121.466401,31.276717
121.437296,31.327272
121.429103,31.327187
121.436191,31.346703
121.452128,31.32776
121.441877,31.327954
121.44408,31.33585
121.439327,31.339342
121.441747,31.329018
121.442459,31.330753
121.448413,31.33341
121.444362,31.327048
121.461147,31.197302
121.247491,30.835781
121.473476,31.298442
121.471438,31.286323
121.473781,31.303195
121.428205,30.80048
121.481794,31.283609
121.465657,31.264959
121.477616,31.303091
