121.362109,30.815693
121.751686,31.192706
121.772537,31.208655
121.500768,31.178257
121.368927,30.807997
121.32823,30.804105
121.769943,31.159294
121.766286,31.109007
121.430585,30.797427
121.741174,31.175607
121.772663,31.179721
121.760407,31.173472
121.772537,31.208655
121.744686,31.176728
121.428205,30.80048
121.667735,30.923874
121.756729,31.184999
121.755991,31.193535
121.267709,31.276299
121.290972,31.008122
121.449039,31.240163
121.45132,31.243336
121.47274,31.157406
121.475913,31.211834
121.450231,31.238769
121.469384,31.199882
121.472355,31.200616
121.462168,30.907431
121.128589,31.177099
121.243047,30.833581
121.258956,30.823841
121.617341,31.27238
121.020869,30.89605
121.026614,30.896198
121.099278,30.886982
121.099278,30.886982
121.021673,30.890842
121.197551,30.835053
121.258956,30.823841
121.054926,30.848219
121.734085,30.903221
121.739559,30.903061
121.239042,30.839656
121.740008,30.90294
121.733766,30.90679
121.740156,30.902348
121.740156,30.902348
121.512253,31.24094
121.292893,30.812804
121.449208,31.198717
121.464388,31.277193
121.300046,30.805424
121.413601,31.455964
121.407868,31.455823
121.304126,30.807279
121.29589,30.8073
121.460173,31.286153
121.409593,31.454679
121.46433,31.267706
121.409593,31.454679
121.467338,31.27483
121.511999,31.239185
121.54372,31.279322
121.428071,31.225631
121.42456,31.224077
121.238252,30.839295
121.258956,30.823841
121.548493,31.282315
121.546836,31.278412
121.192864,31.105984
121.544873,31.276101
121.541153,31.175851
121.445136,31.238718
121.530803,31.186071
121.542676,31.174518
121.540196,31.188779
121.54022,31.184282
121.546875,31.177615
121.548409,31.185886
121.547103,31.176808
121.547461,31.176577
121.422973,31.032572
121.542069,31.189192
121.542205,31.185173
121.54022,31.184282
121.20343,30.840443
121.422973,31.032572
121.468237,31.048414
121.69153,30.929823
121.362191,31.014246
121.462528,30.906437
121.489587,30.912596
121.468598,30.948088
121.466499,30.912036
121.472097,30.914051
121.475806,30.91554
121.36429,30.822705
121.417447,30.800767
121.420018,30.801423
121.469576,31.052775
