121.436059,31.097401
121.417593,31.106531
121.440387,31.107113
121.486214,31.291957
121.190006,30.974445
121.442182,31.097593
121.768765,31.080067
121.248979,30.83213
121.28424,31.32575
121.435054,31.421754
121.239042,30.839656
121.238252,30.839295
121.296504,31.330794
121.461892,31.278061
121.258956,30.823841
121.258956,30.823841
121.470159,31.272965
121.28499,30.818989
121.305348,30.804543
121.267208,31.35128
121.435054,31.421754
121.299013,30.80962
121.300887,31.21341
121.431993,31.423977
121.448362,31.24675
121.305287,30.804587
121.293532,31.214733
121.288657,30.809681
121.395046,30.823766
121.416459,30.799494
121.417293,30.800042
121.4211,30.80248
121.428205,30.80048
121.417905,31.169841
121.409707,30.803941
121.425807,31.172717
121.420018,30.801423
121.425726,31.165822
121.081748,30.89692
121.093315,30.893372
121.065858,30.857809
121.406483,31.453619
121.065609,30.85835
121.087441,30.873251
121.407379,31.455987
121.413462,31.443943
121.405551,31.441004
121.406665,31.454285
121.065609,30.85835
121.290005,31.123108
121.544184,31.276014
121.525615,31.296814
121.268717,31.118905
121.54629,31.271809
121.272988,30.836612
121.270956,31.081208
121.332971,31.191886
121.258956,30.823841
121.238252,30.839295
121.465932,31.23413
121.541952,31.267383
121.022069,30.893215
121.482594,31.22317
121.481099,31.238688
121.251444,30.899869
121.518861,31.243379
121.469808,31.234969
121.462056,31.255923
121.558979,31.222046
121.473015,31.272415
121.588454,31.105799
121.499045,31.231392
121.475366,31.275434
121.428432,31.212697
121.508892,31.242699
121.43281,31.164925
121.421778,31.162987
121.431998,31.162258
121.458906,31.127836
121.452717,31.193946
121.392103,31.258725
121.174127,31.290392
121.472527,31.200644
121.475281,31.206211
121.508988,31.241784
121.349994,31.418938
121.511999,31.239185
121.354394,31.420463
121.46345,31.236394
121.495941,31.418898
121.353349,31.42057
121.313338,31.296956
121.377505,31.40888
121.365346,31.394697
121.361919,31.405386
121.367521,31.218283
121.541134,31.320106
121.538708,31.317787
121.538708,31.317787
121.364047,31.39451
