121.283298,31.327531
121.272988,30.836612
121.350099,31.414219
121.2617,31.358426
121.28531,31.334253
121.283632,31.325467
121.265506,31.341085
121.269155,31.365819
121.265506,31.341085
121.254829,31.355452
121.264987,31.350037
121.269155,31.365819
121.221967,31.335923
121.296504,31.330794
121.588317,31.255036
121.265506,31.341085
121.089046,30.872131
121.267208,31.35128
121.275377,31.349482
121.292386,31.334725
121.112687,30.864276
121.099278,30.886982
121.094221,30.89498
121.464201,31.218467
121.093315,30.893372
121.065858,30.857809
121.242556,30.899923
121.758002,31.181999
121.10915,30.918965
121.387204,31.219342
121.243527,30.843825
121.423427,31.012799
121.061064,30.884967
121.358352,31.188429
121.434165,30.838517
121.430502,31.213614
121.216826,31.27634
121.434165,30.838517
121.438023,30.837108
121.258956,30.823841
121.590878,31.156355
121.76763,31.056036
121.463101,31.189916
121.540745,31.205106
121.464409,31.192698
121.469767,31.200384
121.298034,31.214819
121.36787,31.229532
121.466213,31.215043
121.300887,31.21341
121.296985,31.213731
121.526801,31.329216
121.293532,31.214733
121.533184,31.334704
121.299505,31.216521
121.528859,31.335447
121.513233,31.334459
121.246439,30.832321
121.333284,31.121935
121.545306,31.271176
121.543816,31.269748
121.485108,31.276084
121.706362,31.191621
121.149201,31.075387
121.158315,31.064569
121.194429,31.106023
121.538455,31.324252
121.179769,31.104397
121.544096,31.2772
121.191565,31.106289
121.542466,31.267355
121.192456,31.106751
121.492179,31.269173
121.258757,30.823043
121.450927,31.245916
121.449818,31.245817
121.410635,31.009108
121.423427,31.012799
121.401766,31.013116
121.548493,31.270787
121.496692,31.243007
121.482582,31.276675
121.53141,31.586888
121.432706,31.283204
121.497204,31.243453
121.240059,30.835084
121.381873,31.113897
121.384964,31.113468
121.483151,31.238179
121.375164,31.216088
121.493206,31.29604
121.484848,31.281726
121.350085,30.733934
121.409376,31.46146
121.509174,31.27926
121.435419,31.366735
121.408029,31.453752
121.500846,31.40462
121.462271,31.325211
121.391535,31.4538
121.405436,31.456561
121.294142,30.81288
121.414743,31.450657
121.406665,31.454285
121.422805,31.224675
121.28499,30.818989
121.29857,30.815828
121.304059,30.805529
121.41242,31.456803
121.296068,30.809758
121.293128,30.806962
121.295253,30.810785
121.295783,30.809345
121.650047,31.026737
121.593362,31.039436
121.658956,31.031374
121.652744,30.954049
121.647716,31.025204
121.247491,30.835781
121.430172,31.22175
121.655255,31.078935
121.65242,31.031051
121.653678,31.026952
121.733438,31.044515
121.457567,31.050412
121.65605,31.027885
121.65242,31.031051
121.433196,31.219495
121.464111,31.045615
121.218319,31.392209
121.460664,31.124889
121.474221,31.048925
121.478357,31.04911
121.455626,31.046916
121.473817,31.051596
121.456091,31.230261
118.770829,32.065018
121.473817,31.051596
121.517792,30.909949
121.457858,31.228962
121.493735,30.926222
121.471318,31.046994
121.482862,31.306565
121.418795,31.206688
121.475806,30.91554
121.48401,31.295257
121.472097,30.914051
121.515437,30.921339
121.469164,30.939621
121.463266,30.90675
121.482896,31.305748
121.482896,31.305748
121.457649,31.257533
121.48401,31.295257
121.479277,31.310436
121.482862,31.306565
121.479277,31.310436
121.47765,31.306313
121.444021,31.223764
121.487453,31.305484
121.376337,31.2166
121.256655,30.827142
121.368732,30.813761
121.3611,30.818789
121.422655,30.788475
121.420018,30.801423
121.359705,30.812453
121.416024,31.203212
121.413446,30.801778
121.431048,31.160509
121.42531,31.167918
121.32823,30.804105
121.523034,31.294042
121.417679,31.155246
121.466401,31.276717
121.437296,31.327272
121.464944,31.294596
121.560234,31.183508
121.460385,31.203963
121.452128,31.32776
121.429103,31.327187
121.44408,31.33585
121.441877,31.327954
121.439327,31.339342
121.436191,31.346703
121.442459,31.330753
121.448413,31.33341
121.444362,31.327048
121.441747,31.329018
121.461147,31.197302
121.428205,30.80048
121.473476,31.298442
121.247491,30.835781
121.471438,31.286323
121.481794,31.283609
121.477616,31.303091
121.473781,31.303195
121.465657,31.264959
