121.434659,30.805924
121.361265,30.822932
121.363158,30.822139
121.544271,31.334767
121.429868,30.800133
121.544271,31.334767
121.428205,30.80048
121.423617,30.799424
121.509131,30.895809
121.506344,30.923417
121.517792,30.909949
121.364676,30.821756
121.465338,30.916409
121.511822,30.92812
121.371571,31.284564
121.461065,30.911166
121.478295,30.916361
121.420018,30.801423
121.295018,30.811067
121.476147,30.918143
121.294427,30.811995
121.293174,30.81231
121.476352,31.249118
121.741174,31.175607
121.31243,30.802909
121.36591,31.262952
121.475553,31.251827
121.34614,30.748596
121.477567,31.250915
121.523426,31.298453
121.481938,31.251825
121.392806,31.410969
121.457166,31.226783
121.59268,31.156967
121.478446,31.250799
121.456091,31.230261
121.401034,31.187341
121.291319,31.008186
121.603901,31.118562
121.279311,31.241178
121.421659,31.204692
121.27551,31.247079
121.258956,30.823841
121.280916,31.221477
121.305802,31.194437
121.304219,31.211354
121.316769,31.202336
121.361523,30.867828
121.3084,31.196105
121.429142,31.221095
121.427063,31.2011
121.139761,30.612276
121.321256,30.887067
121.232629,31.337943
121.244281,30.834687
121.246675,30.83297
121.261491,31.337056
121.206817,31.36376
121.526609,31.276179
121.522923,31.273299
121.52168,31.279935
121.248979,30.83213
121.245222,31.376729
121.522265,31.307328
121.532458,31.324102
121.445481,31.235088
121.016972,30.894055
121.474801,31.244699
121.112687,30.864276
121.448377,31.243981
121.081748,30.89692
121.111755,30.919834
121.112049,30.905523
121.443228,31.200668
121.450673,31.331805
121.445008,31.201624
121.434862,31.190344
121.443398,31.188813
121.445093,31.202531
121.523612,31.234126
121.446097,31.199257
121.441392,31.184347
121.428896,31.185293
121.46735,31.208615
121.467358,31.208877
121.419405,31.199852
121.429916,31.236199
121.671964,31.148267
121.314217,31.438581
121.474957,31.214237
121.4876,31.2048
121.406665,31.454285
121.481702,31.222004
121.236102,30.835619
121.378834,31.256962
121.272988,30.836612
121.188319,31.114378
121.710174,31.039717
121.454156,31.320021
121.258956,30.823841
