121.544184,31.276014
121.546836,31.278412
121.540362,31.274997
121.432685,31.418257
121.409304,31.453863
120.055883,29.37443
121.409593,31.454679
121.413955,31.011794
121.55304,31.246943
121.406823,31.067166
121.413955,31.011794
121.244751,31.378002
121.527427,31.332512
121.437392,31.079245
121.443358,31.095299
121.461264,31.047314
121.430714,31.091566
121.436059,31.097401
121.421419,31.146034
121.436535,31.096096
121.422973,31.032572
121.492151,30.925731
121.482733,30.920278
121.481663,31.048216
121.455626,31.046916
121.474465,31.047939
121.469576,31.052775
121.422973,31.032572
121.473817,31.051596
121.467808,30.911872
121.469205,30.910572
121.512352,30.898775
121.486525,30.92054
121.465227,31.245047
121.544271,31.334767
121.489587,30.912596
121.405693,31.203931
121.452646,30.968191
121.183295,30.833719
121.429154,31.159433
121.254481,31.372456
121.460549,31.258276
121.435865,31.159439
121.55837,31.325265
121.346817,31.203347
121.263975,31.389466
121.266335,31.373978
121.600796,31.21078
121.616671,31.299185
121.403703,31.230279
121.257802,31.377424
121.417017,31.136147
121.256322,31.378486
121.433054,31.145304
121.430938,31.146812
121.252104,31.373707
121.263092,31.376786
121.41545,31.13356
121.491873,30.958827
121.427332,31.140337
121.645331,31.269219
121.504043,30.965124
121.501866,30.919011
121.482733,30.920278
121.514951,30.979763
121.491002,30.921619
121.510137,30.938382
121.453018,31.224711
121.515951,31.061035
121.497525,31.240625
121.285949,31.118061
121.497518,31.246318
121.448357,31.256205
121.455916,31.265912
121.445119,31.22776
121.478725,31.248893
121.444086,31.227732
121.447625,31.251736
121.422869,31.224321
121.523808,31.307249
121.524401,31.305538
121.442273,31.227325
121.455916,31.265912
121.521191,31.303805
121.522234,31.274559
121.466864,31.122409
121.463132,31.129099
121.520165,31.307007
121.520811,31.271205
121.522265,31.307328
121.519339,31.272614
121.780246,31.186822
121.755991,31.193535
121.760407,31.173472
121.752434,31.209182
121.759594,31.14746
121.780246,31.186822
121.760407,31.173472
121.756249,31.203917
121.763414,31.159459
