121.269155,31.365819
121.475222,31.269378
121.265506,31.341085
121.151745,31.398783
121.265506,31.341085
121.726131,30.945155
121.730698,30.950652
121.291314,31.335815
121.826046,30.975294
121.724898,30.945765
121.28531,31.334253
121.395223,31.128546
121.286111,31.330061
121.289515,31.337492
121.464944,31.294596
121.742214,30.937957
121.667735,30.923874
121.503005,31.26452
121.693699,31.265597
121.496967,31.261796
121.503005,31.26452
121.503005,31.26452
121.496967,31.261796
121.501766,31.262766
121.433236,31.419063
121.507536,31.266123
121.247491,30.835781
121.304126,30.807279
121.243527,30.843825
121.295947,30.81344
121.572368,31.155418
121.549064,31.280114
121.379743,31.125475
121.221819,30.838262
121.290658,30.810161
121.339532,31.226002
121.294857,30.811044
121.586445,31.208441
121.463101,31.189916
121.282069,31.238788
121.178642,31.114838
121.471002,31.202733
121.185809,31.101003
121.300257,30.807865
121.70592,31.1934
121.191344,31.106095
121.061064,30.884967
121.284155,31.126174
121.273766,31.111885
121.111755,30.919834
121.099278,30.886982
121.087599,30.880221
121.054926,30.848219
121.107065,30.871995
121.109053,30.869625
121.545371,31.277819
121.109053,30.869625
121.107065,30.871995
121.545046,31.274187
121.544184,31.276014
121.538912,31.274518
121.53353,31.234807
121.258956,30.823841
121.754739,30.975905
121.251323,30.896804
121.527885,31.315877
121.258956,30.823841
121.407379,31.455987
121.272988,30.836612
121.526476,31.313884
121.405959,31.460466
121.235949,30.836012
121.410995,31.458105
121.408981,31.452962
121.407982,31.451126
121.404445,31.457514
121.465762,31.259953
121.482932,31.302998
121.573504,31.155296
121.473698,31.265826
121.143081,30.839052
121.415566,31.45791
121.477595,31.300594
121.389053,31.259645
121.446327,31.08734
121.461855,31.258899
121.454972,31.298924
121.437975,31.109871
121.442434,31.097739
121.459292,31.282096
121.425688,31.097116
121.427577,31.09908
121.442434,31.097739
121.427725,31.090331
121.441856,31.099145
121.458517,31.261742
121.440716,31.099136
121.436411,31.11444
121.438742,31.102249
121.395469,31.326287
