121.321107,30.890168
121.416251,30.800745
121.420018,30.801423
121.898611,30.897635
121.256172,31.373713
121.260051,31.379427
121.25518,31.371773
121.256764,31.3708
121.213191,31.424127
121.254921,31.375141
121.257802,31.377424
121.248904,31.368392
121.249355,31.371174
121.252535,31.393408
121.223077,31.397024
121.428205,30.80048
121.270291,31.356128
121.257802,31.377424
121.247708,31.36791
121.213191,31.424127
121.213191,31.424127
121.253904,31.373832
121.26395,31.372617
121.268478,31.369666
121.265495,31.375763
121.464071,31.323304
121.438263,31.295624
121.42801,31.218944
121.469192,31.247827
121.364377,31.225896
121.424984,31.159491
121.524111,31.279099
121.517896,31.268201
121.424966,31.18104
121.243969,30.913847
121.47308,31.273532
121.456954,31.271533
121.409747,31.203429
121.54519,31.283584
121.517446,31.271532
121.54519,31.283584
121.494728,31.240641
121.50871,31.269038
121.457416,31.271544
121.515059,31.269959
121.507827,31.268348
121.502476,31.261268
121.451187,31.250743
121.731658,30.903122
121.74298,30.903995
121.495627,31.264855
121.448326,31.237746
121.495627,31.264855
121.78132,31.190985
121.503005,31.26452
121.426655,31.219513
121.291319,31.008186
121.538472,31.311024
121.365569,31.21725
121.544875,31.330949
121.323063,31.021073
121.5706,31.265393
121.575757,31.120945
121.507191,31.24455
121.56842,31.257465
121.569082,31.258535
121.570738,31.251724
121.566348,31.253577
121.258956,30.823841
121.499483,31.270397
121.272988,30.836612
121.50761,31.266581
121.497289,31.269839
121.498296,31.268552
121.495627,31.264855
121.497353,31.26039
121.498049,31.261607
121.503005,31.26452
121.506948,31.263191
121.507827,31.268348
121.50871,31.269038
121.238252,30.839295
121.248979,30.83213
121.490787,31.25774
121.320631,31.068589
121.490787,31.25774
121.528969,31.217615
121.385692,31.217071
121.398508,31.361578
121.551106,31.299262
121.272988,30.836612
121.542832,31.276719
121.556791,31.27817
121.065858,30.857809
121.087441,30.873251
121.423786,31.209231
121.087441,30.873251
121.087441,30.873251
121.080756,30.873802
121.410359,31.455875
